65

11 10 37 54
75 10 37 54
139 10 37 54
203 11 37 53

266 5 31 59
326 6 38 57
385 7 48 56
453 5 41 59
12 68 29 60
70 69 35 58
127 70 49 57
196 70 37 58

266 73 39 55
331 77 39 51
394 81 50 47
456 82 47 46

10 139 38 54
75 140 37 53

137 142 39 51
202 143 29 49
261 154 39 38
324 158 40 35
387 175 46 18
450 181 50 12

14 199 41 57
78 198 42 59
141 198 37 59
206 198 36 58

268 200 40 57
333 198 43 59
397 198 44 59
461 200 36 57

11 261 38 60
78 260 33 60
148 260 20 61
211 260 24 61
268 261 36 60
335 260 30 61
404 259 20 62
464 260 25 61

9 339 44 46
74 344 42 41

139 334 35 50
206 627 31 58
272 324 28 60
329 322 40 61
392 321 43 62
455 322 43 62

14 391 34 58
78 391 34 56
145 390 32 58
210 390 32 59
273 389 33 59
337 390 33 56
402 390 30 58
467 391 29 58

18 452 30 61
82 452 29 61
144 452 32 60
208 452 33 60
272 452 33 61
336 452 33 61
401 452 31 60
466 452 29 60

26 514 14 62

64 1
32 8
4 8
42 3
45 3
40 2
18 6
