2

-6 7

65

11 10 37 54 19 26
75 10 37 54 19 26
139 10 37 54 20 27
203 11 37 53 19 26

266 5 31 59 20 25
326 6 38 57 23 25
385 7 48 56 28 24
453 5 41 59 24 25
12 68 29 60 16 25
70 69 35 58 22 24
127 70 49 57 30 24
196 70 37 58 25 24

266 73 39 55 23 26
331 77 39 51 23 24
394 81 50 47 23 20
456 82 47 46 26 18

10 139 38 54 20 26
75 140 37 53 19 27

137 142 39 51 20 23
202 143 29 49 21 21
261 154 39 38 24 13
324 158 40 35 26 14
387 175 46 18 26 10
450 181 50 12 27 5

14 199 41 57 19 26
78 198 42 59 19 26
141 198 37 59 20 26
206 198 36 58 18 26

268 200 40 57 18 26
333 198 43 59 18 28
397 198 44 59 18 26
461 200 36 57 18 26

11 261 38 60 22 26
78 260 33 60 19 26
148 260 20 61 13 26
211 260 24 61 14 26
268 261 36 60 21 25
335 260 30 61 18 27
404 259 20 62 13 28
464 260 25 61 17 26

9 339 44 46 21 24
74 344 42 41 22 24

139 334 35 50 19 24
206 327 31 58 17 24
272 324 28 60 16 24
329 322 40 61 23 23
392 321 43 62 23 24
455 322 43 62 24 24

14 391 34 58 16 25
78 391 34 56 16 24
145 390 32 58 13 25
210 390 32 59 12 23
273 389 33 59 13 24
337 390 33 56 13 23
402 390 30 58 12 24
467 391 29 58 11 24

18 452 30 61 12 25
82 452 29 61 13 24
144 452 32 60 15 24
208 452 33 60 14 24
272 452 33 61 15 24
336 452 33 61 15 24
401 452 31 60 14 24
466 452 29 60 13 24

26 514 14 62 7 28

64 1
32 8
4 8
42 4
46 2
40 2
18 6
